Анхесенамун		093 062 41 13
Лиза			063 440 07 61
Папа 			067 475 65 78
Мама			068 685 53 14
Алехандро 		068 512 39 49
Тов. Тролльский		067 485 10 99
Алексей Сича		067 498 93 57
Лена Мельникова 	067 706 87 80
Наташа Мельникова 	067 663 77 85
Сепий 			067 450 47 05
Данилыч			094 998 18 36 098 414 97 73 
Руслан Павельев		063 013 69 53
Денис больница 		093 351 14 58
Александр Кривошея	097 576 71 40
Таня Михалёва		097 183 61 01

Филатова клиника	048 765 10 65

Rent
8067 68 60 431 Оксана



Починялкин		063 616 98 29

Рыж			068 165 37 20

Рыжий			068 725 05 41
Рыжий КС		067 842 15 57
Рыжий МТС		066 619 87 72
Рыжий			097 129 63 08


Павел Радченко		067 278 87 43
Павел Радченко		095 112 86 27

ВиТа Директор 		067 122 00 55

https://citybase.od.ua/index
0970585500
1QaZ2WsX